WIND-T5b (EXPLORATOIRE) -- effet du gel par couche ; test de rang ≤ 2 de J_AN − J_A
Date : 2026-09-30T22:36:04Z

PROMPT 5
    k   σ₁(J_T)   gelQK/σ₁   gelNorm/σ₁   σ₂/σ₁(ΔN)   σ₃/σ₁(ΔN)   σ₁(J_AN)/σ₁(J_T)
    0    147.80      0.848       0.360       0.2595      0.0044           0.85
    1      7.21      0.516       0.134       0.0253      0.0006           0.97
    2      7.93      0.809       0.118       0.1255      0.0005           0.85
    3      4.65      0.852       0.182       0.0370      0.0004           0.97
    4      3.66      0.923       0.173       0.0550      0.0003           1.03
    5      4.01      1.084       0.174       0.0713      0.0004           0.93
    6      4.05      0.882       0.165       0.0264      0.0004           1.03
    7      4.08      1.034       0.163       0.0702      0.0002           0.80
    8      5.14      0.839       0.119       0.0390      0.0003           0.82
    9      5.61      0.863       0.118       0.0277      0.0004           0.83
   10      6.14      0.779       0.198       0.0988      0.0003           0.85
   11      4.65      0.625       0.237       0.1266      0.0002           0.98
   12      4.71      0.559       0.126       0.0125      0.0004           0.98
   13      5.01      0.743       0.102       0.0382      0.0003           0.81
   14      5.30      0.694       0.143       0.0470      0.0002           0.90
   15      4.33      0.782       0.195       0.1743      0.0002           0.89
   16      5.41      0.626       0.129       0.0244      0.0003           0.99
   17      4.66      0.547       0.180       0.0224      0.0003           0.97
   18      3.82      0.694       0.254       0.1036      0.0002           0.96
   19      5.97      0.638       0.243       0.0483      0.0002           0.87
   20      3.98      0.864       0.215       0.0422      0.0002           0.95
   21      4.60      0.938       0.190       0.0291      0.0003           0.79
   22      4.49      0.757       0.211       0.0395      0.0003           0.84
   23      5.04      0.802       0.133       0.0177      0.0003           0.76
   24      3.86      0.411       0.148       0.0164      0.0003           1.01
   25      3.39      0.361       0.257       0.0545      0.0002           1.03
   26      4.15      0.369       0.176       0.0031      0.0004           1.03
   27      8.47      0.103       0.156       0.0128      0.0002           0.99

PROMPT 6
    k   σ₁(J_T)   gelQK/σ₁   gelNorm/σ₁   σ₂/σ₁(ΔN)   σ₃/σ₁(ΔN)   σ₁(J_AN)/σ₁(J_T)
    0    153.75      0.892       0.375       0.2056      0.0063           0.88
    1      4.18      0.814       0.132       0.0605      0.0008           1.00
    2      7.11      0.640       0.141       0.0333      0.0006           0.96
    3      5.18      0.687       0.156       0.0195      0.0005           0.87
    4      4.94      0.663       0.168       0.0276      0.0005           0.88
    5      2.98      0.781       0.162       0.2617      0.0006           1.04
    6      4.86      0.729       0.127       0.0208      0.0005           1.05
    7      3.78      0.995       0.184       0.1404      0.0002           0.82
    8      3.67      0.813       0.170       0.0733      0.0003           1.02
    9      4.97      0.688       0.142       0.0926      0.0004           0.90
   10      4.84      0.775       0.221       0.1186      0.0003           0.91
   11      4.81      0.632       0.222       0.1194      0.0002           1.02
   12      5.32      0.652       0.139       0.0097      0.0003           0.98
   13      4.46      0.589       0.135       0.0069      0.0003           0.95
   14      4.44      0.365       0.117       0.0154      0.0003           0.98
   15      4.60      0.687       0.233       0.1372      0.0002           0.92
   16      6.06      0.511       0.143       0.0066      0.0003           1.01
   17      4.47      0.665       0.200       0.0081      0.0003           1.01
   18      3.98      0.674       0.358       0.0969      0.0002           0.97
   19      4.72      0.470       0.256       0.0679      0.0002           0.97
   20      3.87      0.898       0.324       0.0557      0.0002           1.02
   21      3.81      0.824       0.215       0.0101      0.0003           0.92
   22      3.54      0.419       0.230       0.0110      0.0004           1.01
   23      2.81      0.578       0.202       0.0129      0.0003           1.01
   24      3.68      0.403       0.209       0.0051      0.0003           1.03
   25      2.99      0.333       0.186       0.0313      0.0002           0.99
   26      3.88      0.539       0.142       0.0156      0.0004           1.01
   27      8.78      0.176       0.175       0.0180      0.0003           0.99

PROMPT 12
    k   σ₁(J_T)   gelQK/σ₁   gelNorm/σ₁   σ₂/σ₁(ΔN)   σ₃/σ₁(ΔN)   σ₁(J_AN)/σ₁(J_T)
    0    144.86      0.500       0.351       0.2795      0.0072           0.96
    1     14.58      0.380       0.126       0.0559      0.0005           1.00
    2      6.88      0.539       0.110       0.0500      0.0006           1.01
    3      7.44      0.588       0.128       0.0250      0.0005           1.01
    4      7.57      0.602       0.138       0.0087      0.0005           0.90
    5     10.59      0.600       0.120       0.0191      0.0006           1.02
    6      4.48      0.873       0.174       0.1156      0.0004           0.96
    7      5.35      0.891       0.156       0.0264      0.0006           0.97
    8      5.15      0.633       0.195       0.0039      0.0005           1.01
    9      5.76      0.982       0.174       0.0309      0.0003           0.95
   10      5.61      0.850       0.172       0.0746      0.0003           0.76
   11      4.21      0.601       0.149       0.1475      0.0005           0.93
   12      4.11      0.536       0.134       0.0119      0.0004           0.98
   13      3.78      0.705       0.132       0.0051      0.0003           0.89
   14      4.33      0.586       0.127       0.0233      0.0003           0.94
   15      4.65      0.603       0.164       0.1024      0.0003           0.93
   16      5.34      0.895       0.124       0.0109      0.0004           0.88
   17      4.51      0.786       0.153       0.0152      0.0003           0.84
   18      3.77      0.642       0.248       0.0871      0.0003           1.00
   19      4.83      0.706       0.252       0.1079      0.0002           1.02
   20      5.29      0.884       0.205       0.0427      0.0002           0.74
   21      5.37      0.894       0.171       0.0150      0.0004           0.91
   22      5.60      0.896       0.173       0.0120      0.0004           0.87
   23      4.10      0.786       0.223       0.0090      0.0003           0.99
   24      4.17      0.519       0.244       0.0162      0.0003           0.99
   25      3.84      0.481       0.257       0.0040      0.0003           0.99
   26      4.42      0.338       0.237       0.0011      0.0003           1.00
   27      8.40      0.271       0.180       0.0430      0.0003           0.99

PROMPT 17
    k   σ₁(J_T)   gelQK/σ₁   gelNorm/σ₁   σ₂/σ₁(ΔN)   σ₃/σ₁(ΔN)   σ₁(J_AN)/σ₁(J_T)
    0    158.13      0.599       0.274       0.2899      0.0061           0.89
    1     14.68      0.255       0.067       0.0640      0.0013           1.00
    2      8.36      0.459       0.107       0.0616      0.0007           0.98
    3      5.29      0.816       0.145       0.0446      0.0006           0.95
    4      8.20      0.617       0.145       0.0073      0.0005           0.97
    5      6.31      0.760       0.094       0.1095      0.0007           0.95
    6      5.23      1.116       0.172       0.0233      0.0003           1.01
    7      4.09      1.217       0.205       0.1048      0.0002           1.11
    8      5.22      0.793       0.140       0.1147      0.0004           0.95
    9      5.16      0.782       0.146       0.0973      0.0004           0.97
   10      6.98      0.826       0.188       0.0930      0.0002           0.77
   11      4.86      0.766       0.236       0.1393      0.0002           1.02
   12      5.06      0.650       0.134       0.0311      0.0003           0.92
   13      4.63      0.674       0.140       0.0310      0.0003           0.97
   14      4.85      0.595       0.195       0.0470      0.0002           1.01
   15      4.27      0.632       0.234       0.1175      0.0002           0.93
   16      6.55      0.794       0.142       0.0242      0.0002           0.78
   17      4.63      0.727       0.172       0.0510      0.0003           0.92
   18      3.61      0.764       0.309       0.0599      0.0002           0.97
   19      4.98      0.499       0.314       0.0531      0.0002           1.00
   20      4.74      0.922       0.404       0.0814      0.0001           0.86
   21      5.99      0.739       0.172       0.0066      0.0005           0.77
   22      5.08      0.667       0.184       0.0331      0.0003           0.96
   23      4.51      0.627       0.178       0.0140      0.0004           0.92
   24      4.59      0.328       0.144       0.0143      0.0003           1.00
   25      3.98      0.490       0.371       0.0638      0.0002           1.00
   26      4.83      0.354       0.199       0.0029      0.0004           1.01
   27      9.37      0.105       0.126       0.0094      0.0003           0.99

PROMPT 22
    k   σ₁(J_T)   gelQK/σ₁   gelNorm/σ₁   σ₂/σ₁(ΔN)   σ₃/σ₁(ΔN)   σ₁(J_AN)/σ₁(J_T)
    0    185.08      0.751       0.416       0.2388      0.0054           0.81
    1      4.86      0.611       0.146       0.0328      0.0004           1.02
    2      4.93      0.910       0.106       0.0243      0.0005           0.73
    3      8.31      0.546       0.127       0.0135      0.0006           0.91
    4      5.86      0.761       0.152       0.0294      0.0006           0.97
    5      4.44      0.847       0.115       0.1604      0.0005           1.06
    6      4.08      1.087       0.174       0.0156      0.0003           0.96
    7      5.06      1.010       0.167       0.0234      0.0004           0.89
    8      6.22      0.611       0.170       0.0360      0.0005           0.95
    9      5.11      0.611       0.153       0.0581      0.0003           0.98
   10      4.61      0.781       0.180       0.0760      0.0003           0.90
   11      6.05      0.491       0.129       0.1276      0.0005           0.98
   12      4.51      0.696       0.156       0.0113      0.0004           0.98
   13      4.26      0.547       0.143       0.0048      0.0003           0.98
   14      4.14      0.734       0.177       0.0880      0.0003           0.99
   15      4.97      0.649       0.196       0.1443      0.0002           0.94
   16      5.54      0.918       0.114       0.0198      0.0004           0.88
   17      4.32      0.885       0.165       0.0055      0.0003           0.95
   18      3.74      0.910       0.247       0.1006      0.0003           1.00
   19      4.84      0.823       0.295       0.1128      0.0002           0.95
   20      7.63      0.950       0.160       0.0358      0.0002           0.53
   21      3.86      0.858       0.207       0.0156      0.0003           0.94
   22      4.22      0.793       0.203       0.0311      0.0003           0.88
   23      4.29      0.909       0.162       0.0041      0.0004           0.81
   24      3.98      0.764       0.197       0.0099      0.0003           0.97
   25      3.37      0.484       0.229       0.0387      0.0002           0.98
   26      4.23      0.549       0.182       0.0031      0.0003           0.99
   27      7.90      0.214       0.154       0.0074      0.0003           0.99

TEST F1 (rang ≤ 2 de J_AN − J_A, couches 1..27) : σ₃/σ₁ médian / max par prompt
   p5    0.0003 / 0.0006
   p6    0.0003 / 0.0008
   p12   0.0003 / 0.0006
   p17   0.0003 / 0.0013
   p22   0.0003 / 0.0006
