WIND-2 -- ALIGNEMENT SPECTRAL DES COUCHES ADJACENTES (verdicts contre wind_alignment_preregistration.md)
Date : 2026-09-29T08:56:21Z
Paire k : sortie de J_k (U_k) contre entrée de J_{k+1} (V_{k+1}), dans l'espace x_{k+1}. n = 1536.

====================================================================================================
PROMPT 5 -- variante T   (103 s)
====================================================================================================
   k  r_a  r_b  r_d   E_amp  E_damp    γ_k  γ_null   𝒜_k  𝒜_rand   τ/τ_rand   α_1    α_10   α_50
   0  463   70  186    0.89    0.95  0.152   0.145  0.099   0.097      0.99  -0.001 +0.003 -0.004
   1   70   71  353    1.22    1.32  0.144   0.142  0.197   0.202      0.95  +0.000 +0.011 +0.014
   2   71   97  369    1.20    1.20  0.211   0.205  0.260   0.259      0.95  -0.001 +0.011 +0.017
   3   97   97  410    1.21    1.18  0.333   0.273  0.379   0.375      1.04  -0.000 +0.019 +0.018
   4   97   46  419    1.35    1.24  0.285   0.265  0.401   0.396      0.85  +0.001 +0.012 +0.016
   5   46   87  514    1.45    1.11  0.277   0.229  0.380   0.373      1.14  +0.002 +0.013 +0.019
   6   87   66  558    1.32    1.09  0.265   0.223  0.383   0.375      1.03  +0.010 +0.010 +0.019
   7   66   95  535    1.32    1.12  0.230   0.213  0.348   0.341      0.97  -0.001 +0.019 +0.021
   8   95  122  464    1.29    1.09  0.215   0.183  0.305   0.296      1.01  +0.004 +0.017 +0.027
   9  122  141  474    1.14    1.18  0.206   0.179  0.273   0.275      1.10  +0.001 +0.011 +0.021
  10  141   68  472    1.29    1.14  0.227   0.194  0.324   0.315      0.94  +0.006 +0.018 +0.025
  11   68   85  404    1.58    1.15  0.204   0.205  0.394   0.388      0.64  +0.003 +0.016 +0.031
  12   85   77  317    1.51    1.17  0.201   0.208  0.414   0.412      0.74  +0.004 +0.012 +0.029
  13   77  131  357    1.58    1.21  0.218   0.198  0.387   0.387      0.82  +0.004 +0.016 +0.044
  14  131   46  429    1.34    1.34  0.242   0.207  0.389   0.394      0.92  +0.013 +0.012 +0.022
  15   46   96  359    1.25    1.27  0.194   0.202  0.376   0.389      0.61  +0.001 +0.007 +0.011
  16   96  122  356    1.29    1.19  0.297   0.220  0.374   0.373      1.19  +0.017 +0.019 +0.028
  17  122  104  345    1.31    1.23  0.292   0.253  0.440   0.439      0.86  +0.001 +0.023 +0.032
  18  104   99  406    1.41    1.15  0.261   0.255  0.399   0.396      1.17  +0.006 +0.015 +0.027
  19   99   99  303    1.32    1.08  0.289   0.250  0.403   0.396      1.11  -0.001 +0.041 +0.028
  20   99  131  343    1.25    1.16  0.284   0.250  0.444   0.449      1.02  +0.005 +0.013 +0.020
  21  131  147  243    1.43    1.22  0.327   0.249  0.444   0.426      1.11  +0.009 +0.040 +0.049
  22  147   94  129    1.33    1.18  0.398   0.240  0.522   0.505      1.56  +0.056 +0.037 +0.034
  23   94  124   75    1.20    1.38  0.321   0.285  0.617   0.619      1.09  +0.007 +0.019 +0.018
  24  124  133  144    1.10    0.79  0.318   0.321  0.668   0.669      0.52  +0.016 +0.007 +0.007
  25  133  110   54    1.06    1.29  0.348   0.321  0.691   0.692      0.92  +0.045 +0.013 +0.006
  26  110   95   38    1.12    1.14  0.206   0.264  0.558   0.569      0.40  -0.001 +0.043 +0.022

====================================================================================================
PROMPT 5 -- variante A   (44 s)
====================================================================================================
   k  r_a  r_b  r_d   E_amp  E_damp    γ_k  γ_null   𝒜_k  𝒜_rand   τ/τ_rand   α_1    α_10   α_50
   0  446   67  182    0.87    0.95  0.169     NaN  0.121   0.117      1.11  -0.000 +0.002 -0.004
   1   67   62  351    1.23    1.33  0.146     NaN  0.247   0.254      0.89  +0.000 +0.010 +0.013
   2   62   91  365    1.17    1.21  0.224     NaN  0.321   0.322      0.99  +0.002 +0.009 +0.013
   3   91   91  409    1.22    1.18  0.268     NaN  0.409   0.408      0.96  +0.003 +0.008 +0.014
   4   91   40  414    1.44    1.23  0.339     NaN  0.447   0.437      1.16  +0.020 +0.019 +0.018
   5   40   85  511    1.47    1.12  0.321     NaN  0.405   0.397      1.29  +0.022 +0.016 +0.019
   6   85   61  556    1.38    1.08  0.419     NaN  0.423   0.406      1.49  +0.083 +0.025 +0.022
   7   61   90  533    1.35    1.12  0.317     NaN  0.412   0.401      1.18  +0.031 +0.020 +0.021
   8   90  116  461    1.33    1.09  0.304     NaN  0.382   0.368      1.14  +0.030 +0.029 +0.028
   9  116  138  473    1.15    1.18  0.261     NaN  0.348   0.350      0.83  +0.007 +0.016 +0.020
  10  138   65  469    1.30    1.14  0.260     NaN  0.373   0.364      0.87  +0.005 +0.020 +0.024
  11   65   80  400    1.63    1.15  0.225     NaN  0.421   0.413      0.64  +0.005 +0.023 +0.032
  12   80   68  312    1.57    1.17  0.231     NaN  0.488   0.482      0.78  +0.014 +0.017 +0.029
  13   68  125  355    1.70    1.19  0.268     NaN  0.480   0.477      0.80  +0.011 +0.039 +0.050
  14  125   39  428    1.38    1.35  0.277     NaN  0.462   0.464      0.94  +0.026 +0.019 +0.023
  15   39   89  357    1.36    1.28  0.215     NaN  0.439   0.447      0.55  +0.001 +0.014 +0.013
  16   89  119  353    1.36    1.19  0.314     NaN  0.405   0.401      1.20  +0.019 +0.026 +0.031
  17  119   99  343    1.33    1.23  0.308     NaN  0.467   0.465      0.88  +0.002 +0.027 +0.034
  18   99   96  406    1.46    1.14  0.283     NaN  0.440   0.433      1.13  +0.005 +0.022 +0.030
  19   96   94  300    1.37    1.07  0.339     NaN  0.459   0.448      1.23  -0.000 +0.050 +0.031
  20   94  126  341    1.28    1.14  0.328     NaN  0.502   0.505      0.79  +0.009 +0.020 +0.022
  21  126  144  241    1.46    1.21  0.472     NaN  0.500   0.479      1.01  +0.012 +0.048 +0.053
  22  144   90  128    1.34    1.16  0.367     NaN  0.575   0.567      1.16  -0.000 +0.030 +0.033
  23   90  121   73    1.21    1.37  0.349     NaN  0.654   0.656      1.11  +0.004 +0.019 +0.017
  24  121  132  144    1.10    0.80  0.323     NaN  0.673   0.674      0.54  +0.019 +0.008 +0.007
  25  132  109   54    1.06    1.28  0.346     NaN  0.697   0.698      0.90  +0.042 +0.011 +0.006
  26  109   95   37    1.13    0.99  0.207     NaN  0.566   0.576      0.41  -0.001 +0.045 +0.023

====================================================================================================
PROMPT 5 -- variante AN   (43 s)
====================================================================================================
   k  r_a  r_b  r_d   E_amp  E_damp    γ_k  γ_null   𝒜_k  𝒜_rand   τ/τ_rand   α_1    α_10   α_50
   0  446   67  182    0.88    0.95  0.180     NaN  0.126   0.121      1.15  +0.004 +0.002 -0.005
   1   67   62  351    1.24    1.33  0.165     NaN  0.245   0.251      1.00  +0.003 +0.010 +0.013
   2   62   91  365    1.18    1.21  0.243     NaN  0.320   0.319      1.07  +0.008 +0.011 +0.013
   3   91   91  409    1.23    1.18  0.290     NaN  0.408   0.406      1.03  +0.008 +0.009 +0.015
   4   91   40  414    1.46    1.23  0.350     NaN  0.448   0.436      1.25  +0.025 +0.021 +0.019
   5   40   84  511    1.48    1.12  0.333     NaN  0.405   0.396      1.33  +0.026 +0.017 +0.020
   6   84   61  556    1.40    1.07  0.434     NaN  0.423   0.405      1.57  +0.094 +0.027 +0.022
   7   61   90  533    1.36    1.12  0.331     NaN  0.412   0.401      1.28  +0.036 +0.020 +0.021
   8   90  116  460    1.33    1.09  0.325     NaN  0.383   0.367      1.29  +0.039 +0.030 +0.029
   9  116  138  472    1.16    1.18  0.298     NaN  0.350   0.348      1.11  +0.022 +0.019 +0.021
  10  138   65  469    1.31    1.14  0.278     NaN  0.373   0.361      1.05  +0.017 +0.022 +0.025
  11   65   80  400    1.64    1.15  0.239     NaN  0.419   0.409      0.77  +0.010 +0.025 +0.032
  12   80   68  312    1.58    1.17  0.250     NaN  0.487   0.481      0.88  +0.019 +0.019 +0.030
  13   68  125  355    1.71    1.19  0.301     NaN  0.481   0.476      1.01  +0.024 +0.041 +0.051
  14  125   39  428    1.39    1.35  0.294     NaN  0.462   0.463      1.04  +0.033 +0.021 +0.024
  15   39   89  357    1.37    1.28  0.227     NaN  0.438   0.446      0.66  +0.005 +0.015 +0.013
  16   89  119  353    1.36    1.19  0.342     NaN  0.406   0.397      1.40  +0.038 +0.029 +0.032
  17  119   99  343    1.34    1.23  0.309     NaN  0.466   0.463      0.99  +0.004 +0.028 +0.035
  18   99   96  405    1.47    1.14  0.293     NaN  0.439   0.431      1.17  +0.007 +0.025 +0.031
  19   96   94  300    1.38    1.07  0.352     NaN  0.458   0.446      1.30  +0.002 +0.053 +0.032
  20   94  126  341    1.29    1.14  0.372     NaN  0.501   0.503      0.95  +0.038 +0.024 +0.023
  21  126  144  241    1.47    1.21  0.466     NaN  0.498   0.476      1.19  +0.037 +0.051 +0.055
  22  144   90  128    1.35    1.17  0.380     NaN  0.573   0.564      1.21  +0.000 +0.035 +0.034
  23   90  121   73    1.22    1.36  0.346     NaN  0.653   0.654      1.11  +0.001 +0.023 +0.018
  24  121  132  143    1.11    0.80  0.332     NaN  0.669   0.670      0.63  +0.028 +0.010 +0.007
  25  132  109   54    1.06    1.28  0.394     NaN  0.693   0.691      1.22  +0.084 +0.016 +0.007
  26  109   95   37    1.14    0.99  0.220     NaN  0.561   0.568      0.89  +0.009 +0.046 +0.023

====================================================================================================
PROMPT 6 -- variante T   (99 s)
====================================================================================================
   k  r_a  r_b  r_d   E_amp  E_damp    γ_k  γ_null   𝒜_k  𝒜_rand   τ/τ_rand   α_1    α_10   α_50
   0  441   53  163    0.90    0.93  0.249   0.233  0.206   0.197      1.00  -0.000 +0.002 -0.004
   1   53   65  278    1.22    1.41  0.225   0.240  0.348   0.356      0.90  -0.000 +0.003 +0.010
   2   65   77  295    1.24    1.31  0.185   0.192  0.256   0.259      0.91  -0.000 +0.005 +0.012
   3   77  104  389    1.23    1.19  0.243   0.206  0.342   0.340      1.05  +0.011 +0.005 +0.015
   4  104   21  434    1.13    1.49  0.246   0.271  0.427   0.439      0.88  -0.000 +0.005 +0.003
   5   21   76  550    1.51    1.11  0.263   0.272  0.433   0.429      1.15  +0.003 +0.011 +0.011
   6   76   64  576    1.19    1.10  0.232   0.225  0.373   0.367      0.98  -0.001 +0.012 +0.011
   7   64   96  545    1.17    1.14  0.262   0.251  0.396   0.394      0.97  +0.005 +0.015 +0.011
   8   96  127  480    1.16    1.12  0.268   0.251  0.365   0.365      0.81  +0.004 +0.016 +0.016
   9  127  101  522    1.05    1.22  0.213   0.204  0.315   0.325      0.89  -0.000 +0.010 +0.009
  10  101   88  496    1.25    1.14  0.222   0.201  0.333   0.329      0.65  +0.002 +0.011 +0.021
  11   88   95  456    1.36    1.13  0.206   0.198  0.337   0.333      0.60  -0.000 +0.016 +0.027
  12   95  110  349    1.21    1.17  0.229   0.226  0.386   0.391      0.79  +0.010 +0.008 +0.020
  13  110   97  404    1.44    1.16  0.236   0.241  0.447   0.445      0.70  +0.009 +0.017 +0.031
  14   97   98  468    1.10    1.34  0.207   0.215  0.401   0.414      0.64  +0.006 +0.009 +0.014
  15   98  160  384    1.07    1.19  0.190   0.217  0.329   0.347      0.62  -0.000 +0.008 +0.013
  16  160  140  359    1.17    1.17  0.317   0.235  0.357   0.355      1.20  +0.012 +0.023 +0.026
  17  140  124  357    1.18    1.25  0.287   0.257  0.426   0.432      0.81  +0.001 +0.015 +0.022
  18  124   65  388    1.30    1.23  0.284   0.253  0.438   0.438      1.09  +0.008 +0.009 +0.021
  19   65  133  328    1.35    1.03  0.340   0.266  0.441   0.443      1.21  +0.001 +0.022 +0.025
  20  133  159  302    1.15    1.13  0.312   0.289  0.461   0.465      0.89  +0.001 +0.015 +0.020
  21  159  157  215    1.22    1.11  0.402   0.322  0.511   0.503      1.11  +0.012 +0.021 +0.025
  22  157  115  139    1.12    1.13  0.401   0.389  0.607   0.608      1.00  +0.003 +0.019 +0.015
  23  115  160   98    1.13    1.21  0.426   0.391  0.654   0.658      0.98  +0.059 +0.019 +0.014
  24  160  135   76    1.09    1.17  0.387   0.375  0.681   0.682      0.79  +0.056 +0.007 +0.007
  25  135  146   61    1.03    1.20  0.416   0.371  0.710   0.711      1.05  +0.072 +0.016 +0.006
  26  146  122   37    1.01    0.84  0.233   0.287  0.559   0.569      0.39  -0.001 +0.036 +0.015

====================================================================================================
PROMPT 6 -- variante A   (44 s)
====================================================================================================
   k  r_a  r_b  r_d   E_amp  E_damp    γ_k  γ_null   𝒜_k  𝒜_rand   τ/τ_rand   α_1    α_10   α_50
   0  421   47  155    0.88    0.94  0.270     NaN  0.243   0.227      1.14  +0.003 +0.003 -0.004
   1   47   55  272    1.25    1.43  0.227     NaN  0.385   0.391      0.91  -0.001 +0.004 +0.008
   2   55   71  291    1.27    1.35  0.213     NaN  0.303   0.305      0.93  +0.002 +0.010 +0.011
   3   71  100  386    1.23    1.20  0.286     NaN  0.387   0.385      1.10  +0.017 +0.007 +0.015
   4  100   16  432    1.15    1.52  0.265     NaN  0.454   0.464      0.92  +0.000 +0.008 +0.002
   5   16   75  547    1.53    1.13  0.273     NaN  0.432   0.428      1.06  +0.001 +0.018 +0.010
   6   75   61  572    1.24    1.10  0.314     NaN  0.400   0.388      1.04  +0.006 +0.022 +0.015
   7   61   93  542    1.20    1.12  0.324     NaN  0.421   0.416      1.13  +0.034 +0.021 +0.012
   8   93  123  476    1.18    1.13  0.298     NaN  0.389   0.387      1.00  +0.021 +0.017 +0.015
   9  123   96  520    1.06    1.23  0.275     NaN  0.359   0.366      0.93  +0.012 +0.012 +0.008
  10   96   83  494    1.27    1.14  0.243     NaN  0.364   0.358      0.68  +0.002 +0.010 +0.021
  11   83   90  453    1.43    1.12  0.244     NaN  0.356   0.348      0.70  +0.004 +0.023 +0.029
  12   90  105  344    1.23    1.17  0.237     NaN  0.415   0.420      0.75  +0.012 +0.012 +0.020
  13  105   96  402    1.49    1.15  0.249     NaN  0.471   0.468      0.72  +0.011 +0.020 +0.035
  14   96   93  468    1.11    1.34  0.224     NaN  0.429   0.440      0.69  +0.011 +0.013 +0.013
  15   93  156  381    1.08    1.19  0.208     NaN  0.361   0.380      0.50  -0.001 +0.010 +0.014
  16  156  137  355    1.18    1.17  0.315     NaN  0.375   0.372      1.19  +0.013 +0.026 +0.029
  17  137  121  354    1.20    1.25  0.297     NaN  0.444   0.449      0.82  +0.000 +0.016 +0.023
  18  121   63  386    1.33    1.22  0.295     NaN  0.455   0.453      1.12  +0.008 +0.010 +0.022
  19   63  127  326    1.37    1.04  0.355     NaN  0.470   0.471      1.22  -0.001 +0.027 +0.027
  20  127  156  299    1.16    1.12  0.325     NaN  0.495   0.500      0.78  +0.001 +0.012 +0.020
  21  156  154  214    1.24    1.10  0.432     NaN  0.528   0.520      1.22  +0.028 +0.024 +0.025
  22  154  113  136    1.13    1.13  0.401     NaN  0.612   0.613      1.00  +0.002 +0.018 +0.016
  23  113  157   98    1.14    1.21  0.425     NaN  0.660   0.663      1.00  +0.062 +0.018 +0.014
  24  157  134   75    1.10    1.18  0.387     NaN  0.684   0.685      0.78  +0.057 +0.007 +0.006
  25  134  142   59    1.04    1.20  0.419     NaN  0.718   0.718      1.05  +0.072 +0.017 +0.007
  26  142  119   37    1.02    0.74  0.238     NaN  0.578   0.587      0.39  -0.001 +0.040 +0.018

====================================================================================================
PROMPT 6 -- variante AN   (43 s)
====================================================================================================
   k  r_a  r_b  r_d   E_amp  E_damp    γ_k  γ_null   𝒜_k  𝒜_rand   τ/τ_rand   α_1    α_10   α_50
   0  421   47  155    0.89    0.94  0.266     NaN  0.250   0.235      1.12  +0.002 +0.004 -0.004
   1   47   55  272    1.27    1.43  0.231     NaN  0.384   0.390      0.90  +0.000 +0.004 +0.009
   2   55   72  291    1.28    1.35  0.234     NaN  0.302   0.302      1.01  +0.007 +0.012 +0.012
   3   72  101  386    1.24    1.20  0.322     NaN  0.387   0.382      1.29  +0.035 +0.009 +0.016
   4  101   16  432    1.17    1.51  0.260     NaN  0.452   0.462      0.93  -0.000 +0.009 +0.002
   5   16   75  547    1.53    1.13  0.275     NaN  0.431   0.427      1.06  +0.000 +0.018 +0.010
   6   75   61  573    1.24    1.10  0.323     NaN  0.400   0.387      1.08  +0.008 +0.023 +0.015
   7   61   93  542    1.20    1.12  0.334     NaN  0.421   0.416      1.16  +0.036 +0.021 +0.013
   8   93  123  476    1.18    1.13  0.321     NaN  0.390   0.387      1.16  +0.027 +0.019 +0.016
   9  123   96  520    1.06    1.23  0.300     NaN  0.360   0.365      1.10  +0.023 +0.014 +0.009
  10   96   83  495    1.28    1.14  0.260     NaN  0.364   0.356      0.85  +0.009 +0.012 +0.021
  11   83   90  453    1.44    1.12  0.262     NaN  0.355   0.346      0.92  +0.013 +0.025 +0.030
  12   90  105  344    1.24    1.17  0.271     NaN  0.415   0.417      0.96  +0.023 +0.014 +0.020
  13  105   96  403    1.49    1.15  0.264     NaN  0.470   0.466      0.81  +0.017 +0.021 +0.035
  14   96   94  468    1.11    1.34  0.242     NaN  0.428   0.438      0.80  +0.017 +0.014 +0.014
  15   94  156  381    1.09    1.19  0.218     NaN  0.359   0.376      0.68  +0.002 +0.012 +0.014
  16  156  137  355    1.19    1.17  0.343     NaN  0.376   0.368      1.38  +0.032 +0.029 +0.030
  17  137  121  354    1.21    1.25  0.334     NaN  0.443   0.446      1.08  +0.005 +0.019 +0.024
  18  121   63  387    1.34    1.22  0.304     NaN  0.452   0.450      1.16  +0.011 +0.012 +0.022
  19   63  126  326    1.39    1.03  0.356     NaN  0.467   0.465      1.31  +0.006 +0.033 +0.028
  20  126  156  299    1.17    1.12  0.353     NaN  0.493   0.496      0.84  +0.005 +0.017 +0.021
  21  156  154  214    1.25    1.10  0.433     NaN  0.527   0.518      1.26  +0.038 +0.029 +0.027
  22  154  114  137    1.14    1.13  0.416     NaN  0.611   0.611      1.03  -0.000 +0.023 +0.017
  23  114  157   98    1.14    1.21  0.453     NaN  0.659   0.660      1.17  +0.098 +0.025 +0.015
  24  157  133   75    1.10    1.18  0.372     NaN  0.683   0.684      0.75  +0.053 +0.009 +0.007
  25  133  142   59    1.05    1.20  0.450     NaN  0.719   0.718      1.22  +0.100 +0.021 +0.008
  26  142  119   37    1.02    0.74  0.251     NaN  0.578   0.584      0.83  +0.009 +0.042 +0.018

====================================================================================================
PROMPT 12 -- variante T   (99 s)
====================================================================================================
   k  r_a  r_b  r_d   E_amp  E_damp    γ_k  γ_null   𝒜_k  𝒜_rand   τ/τ_rand   α_1    α_10   α_50
   0  426   51  159    1.00    0.86  0.108   0.110  0.060   0.056      1.01  -0.001 +0.005 +0.009
   1   51   40  231    1.55    1.47  0.140   0.144  0.112   0.111      1.00  -0.001 +0.008 +0.018
   2   40   69  205    1.45    1.59  0.148   0.144  0.253   0.253      1.04  -0.000 +0.010 +0.015
   3   69  106  328    1.26    1.19  0.161   0.141  0.231   0.227      1.08  +0.001 +0.012 +0.015
   4  106   51  381    1.24    1.24  0.176   0.132  0.126   0.118      1.49  +0.009 +0.017 +0.014
   5   51   89  470    1.26    1.17  0.223   0.196  0.199   0.194      1.10  +0.004 +0.010 +0.013
   6   89  100  481    1.28    1.10  0.256   0.204  0.346   0.337      1.10  +0.012 +0.018 +0.019
   7  100  145  455    1.18    1.10  0.245   0.203  0.322   0.319      1.16  +0.012 +0.012 +0.016
   8  145  196  391    1.09    1.12  0.237   0.203  0.308   0.308      1.08  +0.002 +0.008 +0.014
   9  196  155  408    1.14    1.17  0.198   0.198  0.318   0.319      0.83  +0.003 +0.008 +0.015
  10  155   73  409    1.17    1.11  0.205   0.219  0.401   0.397      0.69  +0.004 +0.006 +0.015
  11   73  107  361    1.30    1.13  0.259   0.244  0.474   0.470      0.80  +0.020 +0.012 +0.016
  12  107  116  284    1.13    1.15  0.281   0.275  0.498   0.504      0.85  +0.022 +0.013 +0.011
  13  116  123  347    1.27    1.19  0.335   0.269  0.501   0.498      0.92  +0.024 +0.024 +0.024
  14  123   91  406    1.26    1.25  0.246   0.232  0.447   0.449      0.74  +0.006 +0.025 +0.024
  15   91  138  318    1.26    1.20  0.311   0.211  0.390   0.391      0.84  +0.006 +0.048 +0.032
  16  138  131  327    1.26    1.20  0.289   0.233  0.391   0.386      1.00  -0.000 +0.035 +0.034
  17  131  153  325    1.14    1.22  0.302   0.282  0.445   0.452      0.96  +0.000 +0.018 +0.018
  18  153  181  361    1.00    1.21  0.291   0.287  0.446   0.451      0.78  -0.001 +0.015 +0.015
  19  181  215  270    0.95    0.97  0.224   0.223  0.407   0.417      0.80  -0.000 +0.006 +0.008
  20  215  231  285    1.05    1.13  0.272   0.236  0.397   0.400      1.04  +0.004 +0.012 +0.014
  21  231  245  245    1.07    1.09  0.260   0.229  0.395   0.392      1.03  -0.000 +0.016 +0.015
  22  245  271  204    1.04    1.07  0.328   0.295  0.443   0.444      1.09  +0.001 +0.020 +0.013
  23  271  329  177    1.03    1.11  0.363   0.317  0.503   0.505      1.03  +0.009 +0.016 +0.009
  24  329  313  180    1.03    1.11  0.390   0.337  0.535   0.538      1.01  +0.063 +0.012 +0.007
  25  313  312  189    1.02    1.14  0.378   0.329  0.546   0.545      1.10  +0.055 +0.041 +0.019
  26  312  179  144    1.03    0.82  0.253   0.276  0.451   0.457      0.67  -0.001 +0.009 +0.010

====================================================================================================
PROMPT 12 -- variante A   (43 s)
====================================================================================================
   k  r_a  r_b  r_d   E_amp  E_damp    γ_k  γ_null   𝒜_k  𝒜_rand   τ/τ_rand   α_1    α_10   α_50
   0  411   45  153    1.02    0.86  0.120     NaN  0.067   0.061      1.18  +0.001 +0.003 +0.013
   1   45   33  226    1.66    1.48  0.143     NaN  0.114   0.112      1.03  -0.000 +0.008 +0.017
   2   33   65  196    1.57    1.64  0.152     NaN  0.259   0.258      1.09  -0.000 +0.011 +0.015
   3   65  103  323    1.27    1.19  0.204     NaN  0.267   0.258      1.29  +0.003 +0.010 +0.014
   4  103   49  378    1.29    1.23  0.218     NaN  0.146   0.132      1.99  +0.021 +0.019 +0.016
   5   49   87  467    1.25    1.17  0.307     NaN  0.218   0.198      1.45  +0.041 +0.014 +0.012
   6   87   99  477    1.31    1.09  0.387     NaN  0.372   0.350      1.92  +0.068 +0.035 +0.021
   7   99  143  452    1.19    1.10  0.273     NaN  0.334   0.328      1.30  +0.019 +0.016 +0.017
   8  143  194  387    1.10    1.13  0.327     NaN  0.338   0.331      1.35  +0.036 +0.015 +0.013
   9  194  151  406    1.15    1.17  0.329     NaN  0.378   0.372      1.16  +0.041 +0.016 +0.018
  10  151   69  406    1.20    1.11  0.267     NaN  0.458   0.447      0.83  +0.008 +0.009 +0.016
  11   69  105  360    1.34    1.14  0.282     NaN  0.494   0.489      0.83  +0.025 +0.014 +0.018
  12  105  111  280    1.15    1.15  0.312     NaN  0.523   0.528      0.84  +0.032 +0.015 +0.011
  13  111  120  347    1.29    1.18  0.366     NaN  0.529   0.524      0.86  +0.026 +0.029 +0.024
  14  120   85  404    1.29    1.26  0.276     NaN  0.477   0.476      0.82  +0.015 +0.034 +0.025
  15   85  133  314    1.30    1.19  0.375     NaN  0.445   0.442      0.85  +0.014 +0.064 +0.034
  16  133  128  324    1.30    1.20  0.382     NaN  0.454   0.444      0.95  +0.008 +0.068 +0.037
  17  128  149  322    1.17    1.21  0.344     NaN  0.477   0.482      0.79  -0.001 +0.024 +0.020
  18  149  177  360    1.01    1.21  0.290     NaN  0.466   0.469      0.79  -0.001 +0.016 +0.016
  19  177  211  267    0.95    0.97  0.308     NaN  0.465   0.473      0.81  +0.020 +0.008 +0.010
  20  211  229  282    1.05    1.13  0.352     NaN  0.466   0.471      0.84  +0.001 +0.012 +0.012
  21  229  242  241    1.08    1.09  0.328     NaN  0.458   0.455      1.20  +0.023 +0.017 +0.017
  22  242  267  202    1.04    1.07  0.334     NaN  0.487   0.488      1.04  +0.000 +0.018 +0.014
  23  267  327  175    1.04    1.10  0.365     NaN  0.519   0.521      1.08  +0.000 +0.020 +0.010
  24  327  312  178    1.04    1.11  0.394     NaN  0.541   0.544      1.00  +0.065 +0.011 +0.008
  25  312  310  188    1.03    1.14  0.385     NaN  0.549   0.548      1.11  +0.055 +0.041 +0.020
  26  310  177  143    1.04    0.81  0.255     NaN  0.457   0.463      0.65  -0.001 +0.008 +0.011

====================================================================================================
PROMPT 12 -- variante AN   (44 s)
====================================================================================================
   k  r_a  r_b  r_d   E_amp  E_damp    γ_k  γ_null   𝒜_k  𝒜_rand   τ/τ_rand   α_1    α_10   α_50
   0  411   45  153    1.02    0.86  0.152     NaN  0.070   0.059      1.11  -0.000 +0.006 +0.014
   1   45   34  226    1.71    1.47  0.161     NaN  0.116   0.110      1.13  +0.002 +0.008 +0.018
   2   34   65  196    1.58    1.62  0.171     NaN  0.258   0.255      1.18  +0.003 +0.012 +0.016
   3   65  104  323    1.29    1.19  0.250     NaN  0.272   0.255      1.61  +0.011 +0.013 +0.015
   4  104   49  378    1.30    1.23  0.254     NaN  0.153   0.130      2.40  +0.033 +0.020 +0.017
   5   49   87  467    1.26    1.17  0.329     NaN  0.222   0.196      1.56  +0.054 +0.016 +0.013
   6   87   99  477    1.32    1.09  0.421     NaN  0.375   0.348      2.14  +0.090 +0.038 +0.022
   7   99  143  453    1.20    1.10  0.325     NaN  0.338   0.326      1.55  +0.035 +0.020 +0.018
   8  143  194  387    1.11    1.13  0.372     NaN  0.341   0.329      1.58  +0.059 +0.019 +0.014
   9  194  152  407    1.16    1.17  0.387     NaN  0.380   0.369      1.45  +0.076 +0.020 +0.019
  10  152   70  407    1.20    1.11  0.275     NaN  0.456   0.445      0.88  +0.009 +0.011 +0.016
  11   70  105  360    1.34    1.14  0.289     NaN  0.494   0.488      0.87  +0.029 +0.015 +0.018
  12  105  111  280    1.15    1.15  0.322     NaN  0.523   0.527      0.88  +0.037 +0.016 +0.012
  13  111  121  347    1.29    1.18  0.370     NaN  0.528   0.523      0.92  +0.031 +0.030 +0.025
  14  121   85  404    1.29    1.25  0.289     NaN  0.476   0.473      0.87  +0.019 +0.035 +0.025
  15   85  133  314    1.31    1.19  0.370     NaN  0.444   0.439      0.92  +0.020 +0.066 +0.034
  16  133  128  324    1.30    1.20  0.381     NaN  0.454   0.442      1.00  +0.014 +0.069 +0.038
  17  128  149  322    1.17    1.21  0.343     NaN  0.476   0.480      0.92  +0.001 +0.026 +0.021
  18  149  177  359    1.01    1.21  0.294     NaN  0.464   0.465      0.80  -0.000 +0.019 +0.017
  19  177  211  267    0.95    0.97  0.294     NaN  0.461   0.469      0.77  +0.017 +0.011 +0.011
  20  211  229  282    1.05    1.13  0.362     NaN  0.466   0.469      0.96  +0.008 +0.015 +0.013
  21  229  242  241    1.08    1.09  0.349     NaN  0.458   0.454      1.30  +0.032 +0.021 +0.018
  22  242  267  202    1.05    1.07  0.349     NaN  0.487   0.487      1.10  +0.002 +0.022 +0.015
  23  267  327  176    1.04    1.10  0.378     NaN  0.519   0.519      1.11  -0.000 +0.027 +0.012
  24  327  312  178    1.04    1.11  0.390     NaN  0.541   0.543      0.99  +0.064 +0.018 +0.009
  25  312  310  188    1.03    1.14  0.388     NaN  0.549   0.547      1.16  +0.066 +0.048 +0.021
  26  310  176  143    1.04    0.81  0.256     NaN  0.457   0.461      0.75  +0.000 +0.009 +0.011

====================================================================================================
PROMPT 17 -- variante T   (101 s)
====================================================================================================
   k  r_a  r_b  r_d   E_amp  E_damp    γ_k  γ_null   𝒜_k  𝒜_rand   τ/τ_rand   α_1    α_10   α_50
   0  516  223  310    0.96    0.98  0.105   0.097  0.037   0.036      1.07  +0.000 +0.001 +0.001
   1  223  126  323    1.02    1.04  0.141   0.132  0.105   0.104      1.07  +0.000 +0.004 +0.010
   2  126  108  329    1.01    1.15  0.199   0.192  0.232   0.236      0.95  +0.002 +0.002 +0.006
   3  108  186  391    1.04    1.14  0.226   0.199  0.246   0.246      1.02  +0.001 +0.007 +0.008
   4  186   34  440    1.03    1.29  0.144   0.147  0.195   0.202      1.00  -0.001 +0.002 +0.003
   5   34  168  509    1.17    1.06  0.246   0.199  0.263   0.264      1.18  +0.014 +0.006 +0.010
   6  168  127  545    1.07    1.09  0.272   0.235  0.322   0.323      1.05  +0.001 +0.011 +0.014
   7  127   96  589    1.06    1.07  0.238   0.234  0.304   0.307      0.93  +0.003 +0.007 +0.011
   8   96  125  515    1.03    1.12  0.187   0.193  0.279   0.284      0.89  -0.000 +0.009 +0.009
   9  125  161  520    1.01    1.16  0.194   0.187  0.252   0.262      0.77  -0.000 +0.008 +0.010
  10  161   92  522    1.11    1.15  0.177   0.191  0.271   0.271      0.69  -0.000 +0.014 +0.017
  11   92  112  490    1.12    1.15  0.184   0.207  0.332   0.341      0.64  -0.001 +0.008 +0.012
  12  112  160  359    1.14    1.11  0.216   0.234  0.371   0.378      0.72  +0.004 +0.018 +0.020
  13  160  144  433    1.22    1.13  0.259   0.235  0.387   0.385      0.79  +0.010 +0.017 +0.027
  14  144   52  482    1.27    1.19  0.240   0.225  0.403   0.403      0.71  +0.009 +0.021 +0.025
  15   52  162  374    1.11    1.25  0.208   0.205  0.343   0.365      0.52  -0.001 +0.017 +0.013
  16  162  139  404    1.14    1.19  0.220   0.220  0.338   0.342      0.91  +0.001 +0.019 +0.025
  17  139  134  395    1.18    1.20  0.327   0.280  0.414   0.417      0.87  +0.011 +0.025 +0.025
  18  134  137  494    1.21    1.15  0.325   0.277  0.411   0.395      0.71  +0.008 +0.029 +0.042
  19  137  123  412    1.08    0.82  0.262   0.216  0.358   0.353      0.56  -0.000 +0.011 +0.023
  20  123  123  358    1.31    1.13  0.245   0.208  0.349   0.349      0.89  +0.003 +0.014 +0.027
  21  123  143  251    1.42    1.16  0.233   0.223  0.377   0.368      1.07  -0.001 +0.018 +0.038
  22  143  125  152    1.15    1.14  0.266   0.249  0.459   0.458      1.05  +0.000 +0.020 +0.018
  23  125  147   90    1.07    1.17  0.298   0.260  0.546   0.546      1.05  +0.001 +0.020 +0.012
  24  147  214  223    1.08    0.81  0.307   0.290  0.565   0.568      0.41  +0.001 +0.010 +0.009
  25  214  233  136    1.03    1.15  0.304   0.289  0.571   0.574      1.02  +0.009 +0.011 +0.006
  26  233  111   54    1.17    0.89  0.214   0.240  0.454   0.459      0.43  -0.000 +0.047 +0.044

====================================================================================================
PROMPT 17 -- variante A   (43 s)
====================================================================================================
   k  r_a  r_b  r_d   E_amp  E_damp    γ_k  γ_null   𝒜_k  𝒜_rand   τ/τ_rand   α_1    α_10   α_50
   0  505  220  306    0.96    0.98  0.112     NaN  0.040   0.039      1.08  +0.000 -0.001 -0.001
   1  220  117  319    1.02    1.04  0.139     NaN  0.108   0.107      1.05  +0.000 +0.003 +0.008
   2  117  100  325    1.01    1.16  0.207     NaN  0.255   0.259      0.95  +0.003 +0.002 +0.004
   3  100  182  388    1.05    1.14  0.219     NaN  0.267   0.269      0.98  +0.000 +0.006 +0.008
   4  182   31  437    1.03    1.29  0.171     NaN  0.212   0.218      1.06  +0.002 +0.004 +0.002
   5   31  166  507    1.18    1.05  0.256     NaN  0.281   0.280      1.25  +0.014 +0.009 +0.011
   6  166  124  542    1.08    1.09  0.320     NaN  0.333   0.329      1.29  +0.035 +0.015 +0.014
   7  124   91  587    1.08    1.06  0.282     NaN  0.324   0.319      1.23  +0.025 +0.013 +0.011
   8   91  121  511    1.05    1.12  0.243     NaN  0.309   0.310      1.06  +0.018 +0.011 +0.008
   9  121  156  518    1.01    1.16  0.228     NaN  0.302   0.313      0.83  +0.008 +0.008 +0.008
  10  156   87  520    1.12    1.15  0.229     NaN  0.325   0.325      0.67  +0.002 +0.019 +0.016
  11   87  107  486    1.13    1.15  0.185     NaN  0.363   0.373      0.54  +0.001 +0.009 +0.012
  12  107  155  356    1.16    1.10  0.237     NaN  0.409   0.415      0.71  +0.008 +0.022 +0.022
  13  155  142  431    1.25    1.12  0.275     NaN  0.412   0.409      0.83  +0.011 +0.022 +0.030
  14  142   45  482    1.30    1.19  0.254     NaN  0.433   0.432      0.79  +0.018 +0.023 +0.024
  15   45  157  371    1.12    1.25  0.213     NaN  0.414   0.438      0.53  +0.001 +0.011 +0.012
  16  157  134  400    1.15    1.19  0.307     NaN  0.406   0.407      0.84  +0.016 +0.040 +0.027
  17  134  129  390    1.19    1.20  0.330     NaN  0.444   0.447      0.80  +0.021 +0.030 +0.026
  18  129  133  493    1.23    1.14  0.311     NaN  0.435   0.418      0.69  +0.008 +0.035 +0.044
  19  133  114  410    1.06    0.83  0.247     NaN  0.416   0.415      0.52  +0.007 +0.016 +0.021
  20  114  118  355    1.32    1.12  0.306     NaN  0.439   0.441      0.87  +0.007 +0.017 +0.025
  21  118  140  249    1.47    1.15  0.297     NaN  0.432   0.419      1.21  -0.000 +0.028 +0.041
  22  140  121  150    1.15    1.14  0.288     NaN  0.483   0.483      1.06  -0.001 +0.017 +0.017
  23  121  144   88    1.08    1.15  0.318     NaN  0.563   0.562      1.09  +0.001 +0.021 +0.012
  24  144  212  222    1.08    0.81  0.307     NaN  0.571   0.573      0.42  +0.001 +0.008 +0.010
  25  212  231  135    1.03    1.16  0.301     NaN  0.576   0.579      1.03  +0.010 +0.007 +0.006
  26  231  109   53    1.18    0.84  0.217     NaN  0.462   0.467      0.46  -0.000 +0.047 +0.045

====================================================================================================
PROMPT 17 -- variante AN   (43 s)
====================================================================================================
   k  r_a  r_b  r_d   E_amp  E_damp    γ_k  γ_null   𝒜_k  𝒜_rand   τ/τ_rand   α_1    α_10   α_50
   0  505  220  305    0.96    0.98  0.118     NaN  0.042   0.039      1.13  +0.000 +0.000 -0.000
   1  220  117  319    1.02    1.04  0.142     NaN  0.109   0.107      1.07  +0.001 +0.003 +0.009
   2  117  100  325    1.01    1.16  0.219     NaN  0.256   0.259      1.01  +0.006 +0.002 +0.004
   3  100  182  388    1.06    1.14  0.231     NaN  0.268   0.268      1.08  +0.003 +0.007 +0.008
   4  182   31  436    1.04    1.29  0.177     NaN  0.212   0.217      1.10  +0.002 +0.003 +0.003
   5   31  166  507    1.19    1.05  0.267     NaN  0.281   0.278      1.30  +0.017 +0.010 +0.011
   6  166  124  542    1.08    1.09  0.344     NaN  0.334   0.327      1.44  +0.048 +0.017 +0.014
   7  124   91  588    1.08    1.06  0.298     NaN  0.325   0.319      1.35  +0.031 +0.014 +0.011
   8   91  121  511    1.05    1.12  0.259     NaN  0.310   0.310      1.17  +0.022 +0.012 +0.008
   9  121  156  518    1.02    1.16  0.267     NaN  0.304   0.312      1.09  +0.021 +0.010 +0.009
  10  156   87  519    1.12    1.15  0.241     NaN  0.325   0.323      0.80  +0.006 +0.021 +0.017
  11   87  107  486    1.14    1.15  0.196     NaN  0.362   0.371      0.68  +0.004 +0.009 +0.012
  12  107  155  356    1.17    1.10  0.261     NaN  0.409   0.413      0.84  +0.016 +0.024 +0.022
  13  155  142  431    1.25    1.12  0.308     NaN  0.413   0.406      1.09  +0.028 +0.025 +0.030
  14  142   45  482    1.30    1.19  0.262     NaN  0.430   0.429      0.85  +0.021 +0.023 +0.024
  15   45  157  371    1.12    1.25  0.232     NaN  0.412   0.435      0.61  +0.006 +0.013 +0.012
  16  157  134  400    1.16    1.19  0.330     NaN  0.406   0.406      1.01  +0.024 +0.042 +0.027
  17  134  129  390    1.20    1.19  0.348     NaN  0.445   0.447      0.91  +0.021 +0.032 +0.027
  18  129  133  493    1.24    1.13  0.341     NaN  0.437   0.418      0.88  +0.015 +0.040 +0.045
  19  133  113  410    1.07    0.83  0.242     NaN  0.414   0.412      0.55  +0.009 +0.019 +0.023
  20  113  118  355    1.33    1.12  0.305     NaN  0.437   0.438      0.86  +0.000 +0.021 +0.026
  21  118  140  249    1.48    1.15  0.340     NaN  0.433   0.416      1.43  -0.000 +0.034 +0.043
  22  140  122  150    1.15    1.14  0.287     NaN  0.482   0.482      1.06  -0.001 +0.018 +0.018
  23  122  144   88    1.08    1.16  0.331     NaN  0.563   0.561      1.15  +0.000 +0.022 +0.013
  24  144  212  222    1.09    0.81  0.309     NaN  0.570   0.571      0.43  +0.002 +0.010 +0.010
  25  212  231  135    1.03    1.16  0.334     NaN  0.575   0.576      1.03  +0.012 +0.012 +0.007
  26  231  109   53    1.18    0.84  0.210     NaN  0.458   0.461      0.76  +0.000 +0.049 +0.045

====================================================================================================
PROMPT 22 -- variante T   (98 s)
====================================================================================================
   k  r_a  r_b  r_d   E_amp  E_damp    γ_k  γ_null   𝒜_k  𝒜_rand   τ/τ_rand   α_1    α_10   α_50
   0  571  121  288    0.96    1.00  0.244   0.206  0.150   0.143      1.13  +0.000 +0.008 +0.001
   1  121   70  333    1.10    1.10  0.225   0.220  0.399   0.401      0.98  -0.000 +0.016 +0.012
   2   70   72  333    1.32    1.19  0.208   0.195  0.282   0.278      1.21  +0.002 +0.010 +0.019
   3   72  102  387    1.30    1.19  0.165   0.166  0.220   0.216      0.97  -0.000 +0.011 +0.018
   4  102   52  486    1.03    1.29  0.215   0.201  0.290   0.292      1.09  -0.001 +0.004 +0.003
   5   52  128  499    1.16    1.11  0.296   0.231  0.352   0.352      1.16  +0.020 +0.009 +0.009
   6  128  124  514    1.18    1.08  0.268   0.241  0.338   0.335      1.05  +0.001 +0.012 +0.020
   7  124  135  501    1.12    1.17  0.251   0.202  0.281   0.279      1.21  +0.014 +0.008 +0.016
   8  135  131  434    1.20    1.13  0.286   0.187  0.313   0.301      1.36  +0.031 +0.018 +0.024
   9  131  100  487    1.16    1.19  0.251   0.209  0.346   0.348      0.92  +0.017 +0.009 +0.016
  10  100   80  458    1.16    1.15  0.180   0.199  0.325   0.325      0.67  -0.000 +0.008 +0.011
  11   80   90  435    1.33    1.13  0.212   0.207  0.339   0.339      1.00  +0.002 +0.007 +0.018
  12   90  145  315    1.24    1.13  0.307   0.254  0.428   0.432      1.02  +0.016 +0.014 +0.020
  13  145  120  407    1.20    1.24  0.267   0.263  0.430   0.441      0.75  +0.011 +0.007 +0.015
  14  120  101  399    1.13    1.29  0.255   0.237  0.395   0.408      0.66  +0.007 +0.008 +0.015
  15  101  111  350    1.24    1.22  0.192   0.191  0.352   0.364      0.54  -0.000 +0.010 +0.023
  16  111  135  342    1.31    1.21  0.238   0.237  0.381   0.384      0.86  -0.000 +0.013 +0.030
  17  135  135  361    1.19    1.27  0.284   0.284  0.427   0.435      0.96  +0.000 +0.015 +0.025
  18  135  120  460    1.16    1.27  0.333   0.275  0.378   0.382      0.63  +0.001 +0.023 +0.025
  19  120  179  324    1.12    1.08  0.199   0.209  0.294   0.296      0.84  +0.000 +0.013 +0.023
  20  179  156  339    1.11    1.15  0.262   0.276  0.367   0.372      0.96  -0.001 +0.011 +0.016
  21  156  158  280    1.09    1.18  0.343   0.278  0.449   0.453      1.11  +0.014 +0.019 +0.014
  22  158  153  178    1.11    1.15  0.299   0.267  0.497   0.500      1.07  -0.000 +0.015 +0.016
  23  153  163  107    1.11    1.24  0.333   0.290  0.552   0.554      0.88  +0.000 +0.026 +0.020
  24  163  174  115    1.11    1.15  0.379   0.343  0.618   0.618      1.00  +0.025 +0.018 +0.018
  25  174  194  107    1.04    1.21  0.368   0.334  0.641   0.642      0.91  +0.045 +0.015 +0.007
  26  194  141   57    1.11    0.83  0.248   0.267  0.516   0.523      0.41  -0.001 +0.010 +0.021

====================================================================================================
PROMPT 22 -- variante A   (43 s)
====================================================================================================
   k  r_a  r_b  r_d   E_amp  E_damp    γ_k  γ_null   𝒜_k  𝒜_rand   τ/τ_rand   α_1    α_10   α_50
   0  566  118  284    0.96    1.00  0.270     NaN  0.160   0.150      1.28  +0.003 +0.007 +0.002
   1  118   63  328    1.13    1.10  0.304     NaN  0.452   0.451      1.04  +0.007 +0.017 +0.013
   2   63   66  328    1.33    1.21  0.267     NaN  0.372   0.371      1.00  -0.000 +0.006 +0.016
   3   66   95  382    1.28    1.20  0.188     NaN  0.262   0.259      1.07  +0.000 +0.009 +0.017
   4   95   49  483    1.03    1.30  0.234     NaN  0.304   0.305      1.18  +0.007 +0.005 +0.003
   5   49  125  497    1.21    1.11  0.345     NaN  0.362   0.357      1.34  +0.042 +0.016 +0.011
   6  125  122  510    1.22    1.08  0.413     NaN  0.367   0.357      1.68  +0.064 +0.018 +0.024
   7  122  130  497    1.15    1.17  0.315     NaN  0.315   0.308      1.51  +0.029 +0.015 +0.018
   8  130  128  431    1.22    1.14  0.337     NaN  0.338   0.320      1.57  +0.052 +0.023 +0.026
   9  128   94  484    1.18    1.18  0.313     NaN  0.385   0.381      1.17  +0.043 +0.018 +0.018
  10   94   75  455    1.21    1.15  0.199     NaN  0.371   0.368      0.70  -0.001 +0.010 +0.012
  11   75   84  430    1.39    1.12  0.222     NaN  0.368   0.365      1.03  +0.003 +0.015 +0.020
  12   84  140  312    1.26    1.13  0.316     NaN  0.454   0.458      1.03  +0.021 +0.019 +0.022
  13  140  116  407    1.22    1.24  0.281     NaN  0.458   0.466      0.73  +0.013 +0.012 +0.019
  14  116   94  397    1.15    1.30  0.259     NaN  0.437   0.448      0.63  +0.007 +0.014 +0.017
  15   94  105  346    1.27    1.22  0.207     NaN  0.428   0.438      0.52  +0.001 +0.021 +0.027
  16  105  129  338    1.37    1.21  0.228     NaN  0.454   0.455      0.60  +0.004 +0.027 +0.034
  17  129  129  359    1.20    1.28  0.280     NaN  0.467   0.475      0.67  +0.013 +0.018 +0.024
  18  129  116  459    1.18    1.27  0.357     NaN  0.416   0.417      0.56  +0.001 +0.027 +0.025
  19  116  171  320    1.14    1.09  0.364     NaN  0.422   0.419      1.23  +0.002 +0.028 +0.024
  20  171  151  336    1.12    1.15  0.362     NaN  0.471   0.477      0.82  -0.000 +0.016 +0.015
  21  151  154  277    1.10    1.18  0.404     NaN  0.476   0.480      1.06  +0.000 +0.021 +0.013
  22  154  149  176    1.12    1.14  0.378     NaN  0.532   0.534      1.03  +0.010 +0.017 +0.016
  23  149  158  104    1.13    1.18  0.418     NaN  0.591   0.591      1.21  +0.031 +0.025 +0.021
  24  158  171  113    1.13    1.15  0.394     NaN  0.634   0.632      0.83  +0.046 +0.020 +0.020
  25  171  190  106    1.05    1.22  0.368     NaN  0.651   0.652      0.88  +0.042 +0.012 +0.007
  26  190  139   56    1.12    0.78  0.254     NaN  0.536   0.542      0.40  -0.001 +0.010 +0.022

====================================================================================================
PROMPT 22 -- variante AN   (43 s)
====================================================================================================
   k  r_a  r_b  r_d   E_amp  E_damp    γ_k  γ_null   𝒜_k  𝒜_rand   τ/τ_rand   α_1    α_10   α_50
   0  566  118  284    0.96    1.01  0.245     NaN  0.161   0.156      1.16  +0.005 +0.003 +0.001
   1  118   63  328    1.13    1.10  0.301     NaN  0.451   0.450      1.05  +0.004 +0.017 +0.013
   2   63   66  328    1.33    1.20  0.266     NaN  0.370   0.369      1.01  +0.000 +0.006 +0.016
   3   66   95  382    1.29    1.20  0.221     NaN  0.263   0.255      1.24  +0.006 +0.011 +0.017
   4   95   49  483    1.04    1.30  0.243     NaN  0.304   0.304      1.23  +0.009 +0.005 +0.004
   5   49  125  497    1.21    1.11  0.352     NaN  0.362   0.356      1.37  +0.046 +0.016 +0.011
   6  125  122  511    1.22    1.08  0.442     NaN  0.368   0.356      1.86  +0.089 +0.021 +0.024
   7  122  130  497    1.15    1.17  0.355     NaN  0.318   0.306      1.81  +0.051 +0.019 +0.019
   8  130  128  431    1.22    1.14  0.364     NaN  0.340   0.318      1.73  +0.065 +0.025 +0.027
   9  128   94  484    1.19    1.18  0.346     NaN  0.386   0.380      1.35  +0.059 +0.021 +0.019
  10   94   75  455    1.21    1.15  0.212     NaN  0.370   0.366      0.83  +0.000 +0.012 +0.012
  11   75   84  430    1.39    1.12  0.240     NaN  0.368   0.363      1.10  +0.008 +0.016 +0.021
  12   84  140  311    1.27    1.13  0.329     NaN  0.454   0.456      1.12  +0.028 +0.020 +0.022
  13  140  116  406    1.22    1.23  0.301     NaN  0.458   0.465      0.85  +0.018 +0.015 +0.020
  14  116   93  397    1.15    1.29  0.283     NaN  0.436   0.445      0.81  +0.016 +0.016 +0.018
  15   93  105  346    1.28    1.22  0.216     NaN  0.426   0.434      0.62  +0.005 +0.023 +0.028
  16  105  129  338    1.37    1.21  0.247     NaN  0.453   0.453      0.69  +0.010 +0.029 +0.035
  17  129  129  359    1.20    1.28  0.285     NaN  0.466   0.474      0.74  +0.017 +0.019 +0.024
  18  129  116  459    1.19    1.27  0.359     NaN  0.416   0.416      0.63  -0.000 +0.029 +0.026
  19  116  171  320    1.14    1.09  0.357     NaN  0.421   0.417      1.27  +0.001 +0.032 +0.025
  20  171  151  336    1.12    1.15  0.362     NaN  0.470   0.476      0.85  +0.004 +0.017 +0.016
  21  151  154  277    1.11    1.18  0.427     NaN  0.477   0.478      1.08  +0.001 +0.024 +0.014
  22  154  149  176    1.12    1.13  0.392     NaN  0.531   0.532      1.09  +0.016 +0.020 +0.017
  23  149  158  104    1.13    1.18  0.425     NaN  0.591   0.589      1.23  +0.011 +0.031 +0.023
  24  158  171  113    1.14    1.16  0.390     NaN  0.633   0.630      0.75  +0.046 +0.023 +0.021
  25  171  190  106    1.05    1.22  0.392     NaN  0.651   0.651      1.04  +0.065 +0.018 +0.008
  26  190  139   56    1.13    0.78  0.250     NaN  0.534   0.539      0.72  -0.000 +0.013 +0.023

####################################################################################################
PORTES
####################################################################################################
GA1 identité ‖J_{k+1}J_k‖_F² = Σ σ'² P σ² : écart relatif max = 1.35e-15  (seuil 1e-10) -> OK
GA2 γ_k (T) vs 1/G_adjacent (WIND-1) : écart relatif max = 2.55e-15  (seuil 1e-6) -> OK
GA3 P doublement stochastique : écart max = 7.22e-15  (seuil 1e-10) -> OK

####################################################################################################
VERDICTS (variante T, médiane sur 5 prompts × paires k = 1..26)
####################################################################################################
médiane E_amp = 1.171   médiane E_damp = 1.155   médiane γ/γ_null = 1.075
  (quartiles E_amp : 1.10 / 1.27 ; E_damp : 1.12 / 1.21 ; γ/γ_null : 1.01 / 1.16)
HA1 (alignement des sous-espaces amplifiés) -> HASARD
HA2 (signature de correction)               -> ABSENTE
HA3 (appariement vs Haar)                   -> INDISCERNABLE du hasard

Descriptif :
  α_r médian (T) : r=1: +0.0023  r=2: +0.0053  r=5: +0.0100  r=10: +0.0133  r=20: +0.0156  r=50: +0.0167  r=100: +0.0144  r=200: +0.0059
  fraction certifiée (Wedin, η<0.1 sur J_k et J_{k+1}) : r=1: 0.76  r=2: 0.18  r=5: 0.00  r=10: 0.00  r=20: 0.00  r=50: 0.00  r=100: 0.00  r=200: 0.00
  T  : médiane E_amp = 1.171  E_damp = 1.155  𝒜 normalisé = -0.0016  τ/τ_rand = 0.95
  A  : médiane E_amp = 1.194  E_damp = 1.154  𝒜 normalisé = 0.0011  τ/τ_rand = 0.96
  AN : médiane E_amp = 1.199  E_damp = 1.155  𝒜 normalisé = 0.0034  τ/τ_rand = 1.06
  Paire k=0 (embedding, rapportée à part) : p12: E_amp=1.00 E_damp=0.86 γ/γ_null=0.98 | p17: E_amp=0.96 E_damp=0.98 γ/γ_null=1.08 | p22: E_amp=0.96 E_damp=1.00 γ/γ_null=1.19 | p5: E_amp=0.89 E_damp=0.95 γ/γ_null=1.05 | p6: E_amp=0.90 E_damp=0.93 γ/γ_null=1.07
