WIND-1 -- PORTE G5 (ADJOINT) : backward moteur vs produit des Jacobiennes DF
Date : 2026-09-29T08:08:15Z
Prompt 5 : "The capital of the country where the Eiffel Tower stands is" (13 tokens)
Porte forward : x_28 (recâblé) vs x_28 (collecte) : err rel = 0.00e+00

   k    ||g_k bwd||   ||g_k pred||      err rel        cos
  27   4.730186e-02   4.730157e-02    4.977e-05   1.000000
  26   5.177949e-02   5.177925e-02    1.480e-04   1.000000
  25   5.393555e-02   5.393532e-02    1.697e-04   1.000000
  24   5.456132e-02   5.456113e-02    1.759e-04   1.000000
  23   5.559497e-02   5.559443e-02    1.656e-04   1.000000
  22   6.193893e-02   6.193787e-02    1.881e-04   1.000000
  21   6.893319e-02   6.893149e-02    2.068e-04   1.000000
  20   7.221609e-02   7.221497e-02    2.023e-04   1.000000
  19   8.678330e-02   8.678108e-02    1.994e-04   1.000000
  18   8.456463e-02   8.456308e-02    2.154e-04   1.000000
  17   8.343820e-02   8.343786e-02    2.326e-04   1.000000
  16   8.774423e-02   8.774543e-02    2.369e-04   1.000000
  15   7.302634e-02   7.302800e-02    2.489e-04   1.000000
  14   7.232313e-02   7.232473e-02    2.633e-04   1.000000
  13   7.054319e-02   7.054477e-02    2.665e-04   1.000000
  12   6.869480e-02   6.869581e-02    2.604e-04   1.000000
  11   6.175308e-02   6.175329e-02    2.730e-04   1.000000
  10   6.488993e-02   6.488925e-02    2.826e-04   1.000000
   9   6.786004e-02   6.785853e-02    2.727e-04   1.000000
   8   6.501720e-02   6.501558e-02    2.689e-04   1.000000
   7   5.855518e-02   5.855214e-02    2.608e-04   1.000000
   6   5.592328e-02   5.591945e-02    2.626e-04   1.000000
   5   4.950324e-02   4.949945e-02    2.685e-04   1.000000
   4   5.039827e-02   5.039392e-02    2.637e-04   1.000000
   3   5.201616e-02   5.201163e-02    2.702e-04   1.000000
   2   5.284243e-02   5.283884e-02    2.838e-04   1.000000
   1   5.450661e-02   5.450275e-02    3.295e-04   1.000000

G5 : pire erreur relative = 3.295e-04 (seuil 1e-2) -> OK
