p12 : ‖triu(W)‖ = 0.0e+00  det(I−W) = 1.000000  σ(G) = 402.55 3.40 1.74 1.43 1.27
   Hankel W σ₂/σ₁ : 0.06 0.06 0.07 0.08 0.07 0.06 0.07 0.08 0.08 0.09 0.09 0.09 0.10 0.10 0.10 0.10 0.11 0.12 0.12 0.11 0.10 0.09 0.08 0.08
   Hankel W σ₃/σ₁ : 0.00 0.02 0.03 0.03 0.04 0.04 0.04 0.04 0.07 0.06 0.05 0.05 0.05 0.07 0.05 0.06 0.06 0.06 0.06 0.06 0.06 0.06 0.06 0.04
   Hankel G σ₁    : 386.5 395.4 400.6 402.4 402.2 401.9 401.4 399.6 394.7 385.7 381.0 378.0 375.7 373.4 371.5 370.0 368.8 367.6 365.1 362.8 358.6 349.6 333.1 299.1
   Hankel G σ₂/σ₁ : 0.00 0.00 0.00 0.00 0.00 0.00 0.00 0.00 0.00 0.00 0.00 0.00 0.00 0.00 0.00 0.00 0.00 0.00 0.00 0.00 0.00 0.00 0.00 0.00
p22 : ‖triu(W)‖ = 0.0e+00  det(I−W) = 1.000000  σ(G) = 15.89 4.46 1.45 1.34 1.25
   Hankel W σ₂/σ₁ : 0.23 0.19 0.17 0.24 0.28 0.38 0.39 0.49 0.56 0.62 0.67 0.70 0.77 0.84 0.78 0.79 0.69 0.68 0.51 0.48 0.45 0.45 0.47 0.48
   Hankel W σ₃/σ₁ : 0.01 0.08 0.08 0.08 0.11 0.09 0.13 0.14 0.14 0.24 0.22 0.20 0.20 0.23 0.20 0.27 0.33 0.39 0.38 0.39 0.38 0.40 0.43 0.28
   Hankel G σ₁    : 3.4 12.6 14.4 14.7 14.9 15.3 15.4 15.1 14.4 13.3 12.7 12.2 11.6 10.8 9.5 8.6 7.5 6.8 5.4 4.9 4.5 4.4 4.4 4.4
   Hankel G σ₂/σ₁ : 0.11 0.03 0.02 0.04 0.06 0.09 0.09 0.12 0.13 0.14 0.15 0.17 0.19 0.21 0.24 0.27 0.38 0.49 0.67 0.75 0.80 0.73 0.64 0.50
p17 : ‖triu(W)‖ = 0.0e+00  det(I−W) = 1.000000  σ(G) = 6.43 3.68 2.06 1.63 1.56
   Hankel W σ₂/σ₁ : 0.27 0.47 0.26 0.27 0.28 0.32 0.43 0.65 0.67 0.58 0.60 0.65 0.75 0.58 0.74 0.60 0.68 0.81 0.79 0.75 0.54 0.46 0.48 0.37
   Hankel W σ₃/σ₁ : 0.02 0.17 0.19 0.19 0.18 0.19 0.25 0.41 0.45 0.48 0.55 0.53 0.54 0.51 0.51 0.47 0.41 0.58 0.51 0.53 0.45 0.26 0.21 0.16
   Hankel G σ₁    : 2.4 3.0 5.2 5.4 5.5 5.4 5.1 4.7 4.4 4.0 3.5 3.4 3.4 3.4 3.4 3.5 3.6 3.7 3.8 4.1 4.2 4.2 4.1 3.8
   Hankel G σ₂/σ₁ : 0.33 0.41 0.23 0.22 0.22 0.24 0.26 0.27 0.28 0.30 0.32 0.32 0.38 0.35 0.39 0.35 0.37 0.41 0.45 0.35 0.27 0.18 0.17 0.12
p5 : ‖triu(W)‖ = 0.0e+00  det(I−W) = 1.000000  σ(G) = 4.47 3.08 1.90 1.72 1.43
   Hankel W σ₂/σ₁ : 0.71 0.57 0.54 0.43 0.44 0.56 0.52 0.41 0.31 0.45 0.54 0.53 0.57 0.47 0.52 0.63 0.52 0.67 0.38 0.39 0.37 0.32 0.36 0.25
   Hankel W σ₃/σ₁ : 0.04 0.18 0.20 0.27 0.29 0.33 0.35 0.30 0.27 0.31 0.29 0.30 0.33 0.36 0.30 0.32 0.29 0.29 0.25 0.21 0.17 0.18 0.14 0.13
   Hankel G σ₁    : 1.9 2.5 2.6 3.0 3.0 2.8 2.7 2.9 3.1 2.9 2.6 2.5 2.6 2.7 2.7 2.7 2.9 2.9 3.0 3.1 3.3 3.2 2.9 2.7
   Hankel G σ₂/σ₁ : 0.29 0.22 0.20 0.21 0.21 0.23 0.23 0.29 0.26 0.31 0.40 0.41 0.44 0.41 0.44 0.49 0.45 0.46 0.26 0.20 0.18 0.17 0.17 0.09
p6 : ‖triu(W)‖ = 0.0e+00  det(I−W) = 1.000000  σ(G) = 3.98 2.47 2.44 1.59 1.34
   Hankel W σ₂/σ₁ : 0.26 0.31 0.27 0.32 0.40 0.46 0.42 0.34 0.37 0.53 0.75 0.63 0.48 0.79 0.83 0.96 0.72 0.78 0.94 0.54 0.34 0.37 0.50 0.41
   Hankel W σ₃/σ₁ : 0.02 0.14 0.20 0.23 0.18 0.22 0.21 0.20 0.25 0.33 0.35 0.32 0.30 0.39 0.27 0.42 0.30 0.33 0.34 0.27 0.21 0.23 0.15 0.16
   Hankel G σ₁    : 1.5 2.1 2.4 2.6 2.5 2.4 2.4 2.5 2.5 2.4 2.2 2.2 2.2 2.2 2.2 2.1 2.3 2.4 2.5 2.6 2.6 2.4 2.2 1.7
   Hankel G σ₂/σ₁ : 0.15 0.13 0.12 0.16 0.20 0.22 0.20 0.18 0.19 0.31 0.41 0.37 0.28 0.50 0.65 0.69 0.69 0.48 0.44 0.31 0.25 0.23 0.24 0.21
